NODES
0, 0, 0
1, 0, 1
2, 0, 2
3, 0, 3
4, 0, 4
5, 0, 5
6, 0, 6
7, 0, 7
8, 0, 8
9, 0, 9
10, 0, 10
11, 1, 0
12, 1, 1
13, 1, 2
14, 1, 3
15, 1, 4
16, 1, 5
17, 1, 6
18, 1, 7
19, 1, 8
20, 1, 9
21, 1, 10
22, 2, 0
23, 2, 1
24, 2, 2
25, 2, 3
26, 2, 4
27, 2, 5
28, 2, 6
29, 2, 7
30, 2, 8
31, 2, 9
32, 2, 10
33, 3, 0
34, 3, 1
35, 3, 2
36, 3, 3
37, 3, 4
38, 3, 5
39, 3, 6
40, 3, 7
41, 3, 8
42, 3, 9
43, 3, 10
44, 4, 0
45, 4, 1
46, 4, 2
47, 4, 3
48, 4, 4
49, 4, 5
50, 4, 6
51, 4, 7
52, 4, 8
53, 4, 9
54, 4, 10
55, 5, 0
56, 5, 1
57, 5, 2
58, 5, 3
59, 5, 4
60, 5, 5
61, 5, 6
62, 5, 7
63, 5, 8
64, 5, 9
65, 5, 10
66, 6, 0
67, 6, 1
68, 6, 2
69, 6, 3
70, 6, 4
71, 6, 5
72, 6, 6
73, 6, 7
74, 6, 8
75, 6, 9
76, 6, 10
77, 7, 0
78, 7, 1
79, 7, 2
80, 7, 3
81, 7, 4
82, 7, 5
83, 7, 6
84, 7, 7
85, 7, 8
86, 7, 9
87, 7, 10
88, 8, 0
89, 8, 1
90, 8, 2
91, 8, 3
92, 8, 4
93, 8, 5
94, 8, 6
95, 8, 7
96, 8, 8
97, 8, 9
98, 8, 10
99, 9, 0
100, 9, 1
101, 9, 2
102, 9, 3
103, 9, 4
104, 9, 5
105, 9, 6
106, 9, 7
107, 9, 8
108, 9, 9
109, 9, 10
110, 10, 0
111, 10, 1
112, 10, 2
113, 10, 3
114, 10, 4
115, 10, 5
116, 10, 6
117, 10, 7
118, 10, 8
119, 10, 9
120, 10, 10
ELEMENTS
0, 0, 11, 12
1, 0, 1, 12
2, 11, 22, 23
3, 11, 12, 23
4, 22, 33, 34
5, 22, 23, 34
6, 33, 44, 45
7, 33, 34, 45
8, 44, 55, 56
9, 44, 45, 56
10, 55, 66, 67
11, 55, 56, 67
12, 66, 77, 78
13, 66, 67, 78
14, 77, 88, 89
15, 77, 78, 89
16, 88, 99, 100
17, 88, 89, 100
18, 99, 110, 111
19, 99, 100, 111
20, 1, 12, 13
21, 1, 2, 13
22, 12, 23, 24
23, 12, 13, 24
24, 23, 34, 35
25, 23, 24, 35
26, 34, 45, 46
27, 34, 35, 46
28, 45, 56, 57
29, 45, 46, 57
30, 56, 67, 68
31, 56, 57, 68
32, 67, 78, 79
33, 67, 68, 79
34, 78, 89, 90
35, 78, 79, 90
36, 89, 100, 101
37, 89, 90, 101
38, 100, 111, 112
39, 100, 101, 112
40, 2, 13, 14
41, 2, 3, 14
42, 13, 24, 25
43, 13, 14, 25
44, 24, 35, 36
45, 24, 25, 36
46, 35, 46, 47
47, 35, 36, 47
48, 46, 57, 58
49, 46, 47, 58
50, 57, 68, 69
51, 57, 58, 69
52, 68, 79, 80
53, 68, 69, 80
54, 79, 90, 91
55, 79, 80, 91
56, 90, 101, 102
57, 90, 91, 102
58, 101, 112, 113
59, 101, 102, 113
60, 3, 14, 15
61, 3, 4, 15
62, 14, 25, 26
63, 14, 15, 26
64, 25, 36, 37
65, 25, 26, 37
66, 36, 47, 48
67, 36, 37, 48
68, 47, 58, 59
69, 47, 48, 59
70, 58, 69, 70
71, 58, 59, 70
72, 69, 80, 81
73, 69, 70, 81
74, 80, 91, 92
75, 80, 81, 92
76, 91, 102, 103
77, 91, 92, 103
78, 102, 113, 114
79, 102, 103, 114
80, 4, 15, 16
81, 4, 5, 16
82, 15, 26, 27
83, 15, 16, 27
84, 26, 37, 38
85, 26, 27, 38
86, 37, 48, 49
87, 37, 38, 49
88, 48, 59, 60
89, 48, 49, 60
90, 59, 70, 71
91, 59, 60, 71
92, 70, 81, 82
93, 70, 71, 82
94, 81, 92, 93
95, 81, 82, 93
96, 92, 103, 104
97, 92, 93, 104
98, 103, 114, 115
99, 103, 104, 115
100, 5, 16, 17
101, 5, 6, 17
102, 16, 27, 28
103, 16, 17, 28
104, 27, 38, 39
105, 27, 28, 39
106, 38, 49, 50
107, 38, 39, 50
108, 49, 60, 61
109, 49, 50, 61
110, 60, 71, 72
111, 60, 61, 72
112, 71, 82, 83
113, 71, 72, 83
114, 82, 93, 94
115, 82, 83, 94
116, 93, 104, 105
117, 93, 94, 105
118, 104, 115, 116
119, 104, 105, 116
120, 6, 17, 18
121, 6, 7, 18
122, 17, 28, 29
123, 17, 18, 29
124, 28, 39, 40
125, 28, 29, 40
126, 39, 50, 51
127, 39, 40, 51
128, 50, 61, 62
129, 50, 51, 62
130, 61, 72, 73
131, 61, 62, 73
132, 72, 83, 84
133, 72, 73, 84
134, 83, 94, 95
135, 83, 84, 95
136, 94, 105, 106
137, 94, 95, 106
138, 105, 116, 117
139, 105, 106, 117
140, 7, 18, 19
141, 7, 8, 19
142, 18, 29, 30
143, 18, 19, 30
144, 29, 40, 41
145, 29, 30, 41
146, 40, 51, 52
147, 40, 41, 52
148, 51, 62, 63
149, 51, 52, 63
150, 62, 73, 74
151, 62, 63, 74
152, 73, 84, 85
153, 73, 74, 85
154, 84, 95, 96
155, 84, 85, 96
156, 95, 106, 107
157, 95, 96, 107
158, 106, 117, 118
159, 106, 107, 118
160, 8, 19, 20
161, 8, 9, 20
162, 19, 30, 31
163, 19, 20, 31
164, 30, 41, 42
165, 30, 31, 42
166, 41, 52, 53
167, 41, 42, 53
168, 52, 63, 64
169, 52, 53, 64
170, 63, 74, 75
171, 63, 64, 75
172, 74, 85, 86
173, 74, 75, 86
174, 85, 96, 97
175, 85, 86, 97
176, 96, 107, 108
177, 96, 97, 108
178, 107, 118, 119
179, 107, 108, 119
180, 9, 20, 21
181, 9, 10, 21
182, 20, 31, 32
183, 20, 21, 32
184, 31, 42, 43
185, 31, 32, 43
186, 42, 53, 54
187, 42, 43, 54
188, 53, 64, 65
189, 53, 54, 65
190, 64, 75, 76
191, 64, 65, 76
192, 75, 86, 87
193, 75, 76, 87
194, 86, 97, 98
195, 86, 87, 98
196, 97, 108, 109
197, 97, 98, 109
198, 108, 119, 120
199, 108, 109, 120
VALUES
0, 0.118852
1, 0.0543936
2, -1.60894
3, -0.64699
4, -1.95056
5, -2.15073
6, 2.40081
7, 0.314629
8, 4.36126
9, 4.22614
10, -2.05372
11, 1.12934
12, -6.90828
13, -5.82783
14, 0.467117
15, -3.53382
16, 9.10418
17, 6.55025
18, 2.28559
19, 6.59771
20, 0.0817356
21, 0.027342
22, -1.09641
23, -0.30323
24, -1.48312
25, -1.39075
26, 1.56273
27, -0.0348422
28, 3.25049
29, 2.67326
30, -1.17927
31, 1.07699
32, -5.05121
33, -3.5857
34, -0.100903
35, -2.69874
36, 6.52952
37, 3.8793
38, 2.19718
39, 4.68291
40, 0.0190936
41, -0.00824835
42, -0.241489
43, 0.135228
44, -0.552524
45, -0.196447
46, 0.236622
47, -0.373433
48, 1.12461
49, 0.285548
50, 0.0634526
51, 0.6883
52, -1.61669
53, -0.223788
54, -0.637411
55, -1.02086
56, 1.91574
57, -0.00313059
58, 1.42261
59, 1.30566
60, -0.0495111
61, -0.0412628
62, 0.688851
63, 0.531454
64, 0.550625
65, 1.05921
66, -1.16338
67, -0.595403
68, -1.35247
69, -2.19134
70, 1.28636
71, 0.0846602
72, 2.32272
73, 3.20802
74, -0.974862
75, 0.975819
76, -3.2963
77, -3.88458
78, 0.20377
79, -2.47933
80, -0.102654
81, -0.0613912
82, 1.40407
83, 0.761712
84, 1.48182
85, 1.98408
86, -2.20007
87, -0.631434
88, -3.40718
89, -3.98389
90, 2.10755
91, -0.545418
92, 5.53675
93, 5.63798
94, -1.00787
95, 2.66776
96, -7.47894
97, -6.55291
98, -1.07871
99, -5.49004
100, -0.123739
101, -0.0623476
102, 1.68081
103, 0.754093
104, 1.95025
105, 2.28934
106, -2.5497
107, -0.470273
108, -4.39786
109, -4.53231
110, 2.27056
111, -1.00517
112, 7.0217
113, 6.30725
114, -0.726129
115, 3.52658
116, -9.32596
117, -7.17482
118, -2.02431
119, -6.78626
120, -0.106181
121, -0.0438333
122, 1.43264
123, 0.510977
124, 1.80964
125, 1.87965
126, -2.10307
127, -0.162249
128, -4.01512
129, -3.66532
130, 1.7245
131, -1.15101
132, 6.31383
133, 5.00681
134, -0.217624
135, 3.28408
136, -8.26056
137, -5.55608
138, -2.33774
139, -5.96319
140, -0.0554636
141, -0.0116303
142, 0.737075
143, 0.108287
144, 1.10389
145, 0.882971
146, -0.999674
147, 0.196443
148, -2.37849
149, -1.65368
150, 0.639891
151, -0.937401
152, 3.6342
153, 2.14279
154, 0.358844
155, 2.01599
156, -4.61545
157, -2.20223
158, -1.92111
159, -3.27785
160, 0.0125745
161, 0.0242048
162, -0.188675
163, -0.328221
164, 0.0534009
165, -0.389457
166, 0.415916
167, 0.493788
168, 0.000918911
169, 0.874394
170, -0.644552
171, -0.43105
172, -0.18036
173, -1.39041
174, 0.823248
175, 0.118315
176, 0.471027
177, 1.83936
178, -0.904533
179, 0.431126
180, 0.0766857
181, 0.0524809
182, -1.0555
183, -0.662227
184, -1.01376
185, -1.54026
186, 1.70162
187, 0.636927
188, 2.38005
189, 3.1294
190, -1.72771
191, 0.209915
192, -3.9386
193, -4.4894
194, 1.03056
195, -1.81631
196, 5.41041
197, 5.30654
198, 0.394522
199, 4.00547
